# Elapsed time (d) S20 [1.38GHz] (mJy) S13 [2.49GHz] (mJy) S6 [4.80GHz] (mJy) S3 [8.64GHz] (mJy) [taken from Table 1 of Kulkarni et al. (1998)]
11.7 6.2 19.7 44.6 49.4
14.6 7.7 22.3 39.9 37.6
15.7 9.2 23.5 37.4 34.3
16.5 8.9 23.9 37.1 31.4
17.8 11.0 25.1 32.6 26.2
19.7 12.1 25.3 28.6 21.6
21.6 12.7 20.9 24.3 18.8
23.6 11.8 22.9 24.7 17.6
25.9 16.7 28.0 27.6 20.9
26.8 15.8 28.7 29.5 21.7
28.8 19.6 31.1 30.0 22.0
30.0 20.0 31.3 30.0 22.1
32.9 23.7 27.3 30.3 21.3
34.7 23.9 33.5 28.6 20.2
36.8 23.5 31.8 27.0 18.4
38.8 25.2 31.0 24.6 16.1
40.0 25.9 31.3 24.1 16.6
45.7 28.9 26.8 20.7 13.2
51.7 25.8 23.1 16.3 10.5
57.7 19.7 18.5 14.0 8.1
64.7 17.4 15.6 11.4 7.7
67.7 17.4 15.6 11.1 7.2
80.5 13.0 9.6 6.3 4.1
